%% SOLUTIONS TO WB_AS: T=50,h0=15,x0=7.5
neg_mult_inds =
    48     4     1
    49     5     2
step =
  611.7788
%%
neg_mult_inds =
    47     4     1
step =
  621.9525
%%
neg_mult_inds =
    46     4     1
step =
  634.1635
%%
neg_mult_inds =
    49     4     1
step =
  602.8346
%%
neg_mult_inds =
     8     3     1
    45     4     1
    46     1     1
step =
  648.2578
%%
neg_mult_inds =
    48     4     1
step =
  611.7787
%%
neg_mult_inds =
    47     4     1
    48     5     2
step =
  621.9526
%%
neg_mult_inds =
    17     3     1
    47     4     1
    48     1     1
step =
  629.4741
%% FOUND SOLUTION
step =
  436.0711
  
%% FOUND SOLUTION 2
step = 
  620.0794
  
%% FOUND SOLUTION 3
step = 
  652.8595
%%  S4
 step =
  687.9856
  
%%  S5
 step =
  
  